100 4950
2 1 21
3 1 55
3 2 54
4 1 26
4 2 78
4 3 99
5 1 26
5 2 74
5 3 63
5 4 25
6 1 67
6 2 4
6 3 42
6 4 54
6 5 84
7 1 28
7 2 47
7 3 80
7 4 57
7 5 47
7 6 55
8 1 87
8 2 59
8 3 37
8 4 58
8 5 83
8 6 11
8 7 47
9 1 83
9 2 77
9 3 25
9 4 69
9 5 94
9 6 57
9 7 64
9 8 23
10 1 58
10 2 3
10 3 58
10 4 67
10 5 47
10 6 92
10 7 59
10 8 82
10 9 20
11 1 18
11 2 70
11 3 39
11 4 27
11 5 54
11 6 72
11 7 17
11 8 14
11 9 49
11 10 64
12 1 12
12 2 76
12 3 82
12 4 4
12 5 37
12 6 74
12 7 50
12 8 64
12 9 61
12 10 74
12 11 26
13 1 83
13 2 79
13 3 30
13 4 44
13 5 50
13 6 46
13 7 65
13 8 85
13 9 3
13 10 85
13 11 31
13 12 45
14 1 39
14 2 9
14 3 98
14 4 64
14 5 68
14 6 76
14 7 95
14 8 80
14 9 53
14 10 28
14 11 27
14 12 46
14 13 96
15 1 10
15 2 78
15 3 18
15 4 4
15 5 8
15 6 65
15 7 90
15 8 46
15 9 5
15 10 91
15 11 72
15 12 49
15 13 21
15 14 92
16 1 50
16 2 98
16 3 88
16 4 46
16 5 56
16 6 5
16 7 75
16 8 84
16 9 76
16 10 49
16 11 46
16 12 55
16 13 45
16 14 54
16 15 17
17 1 56
17 2 74
17 3 75
17 4 9
17 5 10
17 6 99
17 7 30
17 8 50
17 9 40
17 10 92
17 11 31
17 12 96
17 13 91
17 14 28
17 15 97
17 16 14
18 1 73
18 2 11
18 3 51
18 4 27
18 5 25
18 6 99
18 7 82
18 8 44
18 9 6
18 10 38
18 11 31
18 12 38
18 13 1
18 14 36
18 15 22
18 16 52
18 17 6
19 1 51
19 2 5
19 3 59
19 4 34
19 5 38
19 6 15
19 7 64
19 8 39
19 9 89
19 10 57
19 11 11
19 12 61
19 13 91
19 14 97
19 15 16
19 16 19
19 17 42
19 18 48
20 1 91
20 2 41
20 3 86
20 4 72
20 5 28
20 6 23
20 7 84
20 8 6
20 9 16
20 10 58
20 11 44
20 12 7
20 13 7
20 14 22
20 15 37
20 16 90
20 17 77
20 18 3
20 19 14
21 1 57
21 2 96
21 3 5
21 4 49
21 5 19
21 6 55
21 7 54
21 8 31
21 9 40
21 10 87
21 11 75
21 12 25
21 13 47
21 14 22
21 15 53
21 16 93
21 17 5
21 18 47
21 19 28
21 20 20
22 1 6
22 2 33
22 3 69
22 4 90
22 5 79
22 6 68
22 7 51
22 8 76
22 9 46
22 10 68
22 11 52
22 12 1
22 13 17
22 14 72
22 15 10
22 16 23
22 17 91
22 18 61
22 19 5
22 20 53
22 21 48
23 1 100
23 2 88
23 3 29
23 4 90
23 5 86
23 6 73
23 7 91
23 8 3
23 9 58
23 10 12
23 11 2
23 12 43
23 13 99
23 14 94
23 15 26
23 16 8
23 17 22
23 18 42
23 19 87
23 20 65
23 21 59
23 22 66
24 1 36
24 2 80
24 3 15
24 4 35
24 5 40
24 6 19
24 7 82
24 8 99
24 9 21
24 10 67
24 11 57
24 12 6
24 13 65
24 14 51
24 15 38
24 16 30
24 17 84
24 18 15
24 19 56
24 20 35
24 21 4
24 22 1
24 23 76
25 1 14
25 2 32
25 3 16
25 4 93
25 5 6
25 6 43
25 7 47
25 8 98
25 9 16
25 10 87
25 11 24
25 12 58
25 13 55
25 14 44
25 15 28
25 16 93
25 17 7
25 18 98
25 19 34
25 20 72
25 21 78
25 22 58
25 23 88
25 24 54
26 1 68
26 2 6
26 3 13
26 4 8
26 5 94
26 6 40
26 7 76
26 8 51
26 9 56
26 10 19
26 11 57
26 12 14
26 13 64
26 14 91
26 15 4
26 16 89
26 17 23
26 18 17
26 19 18
26 20 35
26 21 83
26 22 58
26 23 51
26 24 58
26 25 86
27 1 45
27 2 82
27 3 96
27 4 87
27 5 84
27 6 99
27 7 66
27 8 18
27 9 19
27 10 1
27 11 88
27 12 85
27 13 7
27 14 71
27 15 32
27 16 69
27 17 95
27 18 41
27 19 87
27 20 95
27 21 96
27 22 19
27 23 57
27 24 26
27 25 91
27 26 62
28 1 92
28 2 66
28 3 88
28 4 98
28 5 93
28 6 7
28 7 17
28 8 1
28 9 85
28 10 86
28 11 27
28 12 25
28 13 59
28 14 28
28 15 16
28 16 3
28 17 40
28 18 2
28 19 16
28 20 4
28 21 47
28 22 84
28 23 2
28 24 73
28 25 54
28 26 19
28 27 34
29 1 90
29 2 84
29 3 82
29 4 33
29 5 76
29 6 39
29 7 85
29 8 15
29 9 86
29 10 74
29 11 26
29 12 4
29 13 8
29 14 32
29 15 90
29 16 54
29 17 82
29 18 43
29 19 31
29 20 88
29 21 39
29 22 78
29 23 48
29 24 60
29 25 30
29 26 17
29 27 50
29 28 70
30 1 81
30 2 62
30 3 57
30 4 61
30 5 56
30 6 72
30 7 66
30 8 30
30 9 76
30 10 98
30 11 87
30 12 6
30 13 79
30 14 98
30 15 52
30 16 20
30 17 47
30 18 3
30 19 88
30 20 46
30 21 98
30 22 80
30 23 42
30 24 56
30 25 21
30 26 28
30 27 84
30 28 7
30 29 80
31 1 45
31 2 34
31 3 68
31 4 89
31 5 95
31 6 60
31 7 48
31 8 28
31 9 12
31 10 70
31 11 3
31 12 37
31 13 93
31 14 56
31 15 71
31 16 13
31 17 12
31 18 12
31 19 14
31 20 18
31 21 4
31 22 67
31 23 30
31 24 73
31 25 57
31 26 30
31 27 36
31 28 53
31 29 12
31 30 80
32 1 45
32 2 32
32 3 62
32 4 21
32 5 92
32 6 45
32 7 13
32 8 85
32 9 12
32 10 100
32 11 84
32 12 3
32 13 68
32 14 29
32 15 50
32 16 77
32 17 3
32 18 68
32 19 92
32 20 83
32 21 29
32 22 17
32 23 78
32 24 15
32 25 80
32 26 55
32 27 15
32 28 14
32 29 76
32 30 66
32 31 100
33 1 4
33 2 69
33 3 68
33 4 50
33 5 46
33 6 65
33 7 57
33 8 77
33 9 19
33 10 17
33 11 2
33 12 56
33 13 28
33 14 68
33 15 43
33 16 75
33 17 1
33 18 37
33 19 100
33 20 30
33 21 24
33 22 6
33 23 100
33 24 5
33 25 89
33 26 50
33 27 96
33 28 48
33 29 30
33 30 55
33 31 50
33 32 60
34 1 23
34 2 60
34 3 85
34 4 17
34 5 97
34 6 12
34 7 93
34 8 22
34 9 19
34 10 74
34 11 79
34 12 53
34 13 22
34 14 48
34 15 98
34 16 70
34 17 81
34 18 63
34 19 76
34 20 78
34 21 16
34 22 85
34 23 11
34 24 73
34 25 12
34 26 40
34 27 28
34 28 42
34 29 99
34 30 46
34 31 20
34 32 34
34 33 42
35 1 41
35 2 88
35 3 21
35 4 11
35 5 52
35 6 13
35 7 51
35 8 44
35 9 8
35 10 48
35 11 86
35 12 16
35 13 16
35 14 8
35 15 49
35 16 4
35 17 75
35 18 70
35 19 9
35 20 22
35 21 97
35 22 58
35 23 43
35 24 9
35 25 100
35 26 22
35 27 4
35 28 61
35 29 21
35 30 19
35 31 3
35 32 63
35 33 86
35 34 19
36 1 80
36 2 43
36 3 3
36 4 69
36 5 15
36 6 19
36 7 91
36 8 71
36 9 55
36 10 23
36 11 39
36 12 12
36 13 63
36 14 91
36 15 21
36 16 1
36 17 45
36 18 22
36 19 11
36 20 73
36 21 42
36 22 7
36 23 24
36 24 96
36 25 26
36 26 2
36 27 83
36 28 17
36 29 56
36 30 29
36 31 13
36 32 3
36 33 65
36 34 2
36 35 11
37 1 72
37 2 91
37 3 3
37 4 38
37 5 85
37 6 84
37 7 42
37 8 87
37 9 73
37 10 33
37 11 33
37 12 95
37 13 61
37 14 72
37 15 17
37 16 87
37 17 15
37 18 41
37 19 99
37 20 52
37 21 9
37 22 28
37 23 1
37 24 61
37 25 4
37 26 48
37 27 42
37 28 22
37 29 4
37 30 68
37 31 75
37 32 84
37 33 96
37 34 4
37 35 24
37 36 18
38 1 2
38 2 49
38 3 89
38 4 85
38 5 48
38 6 85
38 7 18
38 8 99
38 9 21
38 10 61
38 11 54
38 12 85
38 13 34
38 14 14
38 15 80
38 16 10
38 17 60
38 18 46
38 19 11
38 20 87
38 21 69
38 22 43
38 23 78
38 24 59
38 25 98
38 26 37
38 27 74
38 28 100
38 29 4
38 30 15
38 31 11
38 32 75
38 33 14
38 34 50
38 35 65
38 36 100
38 37 22
39 1 21
39 2 71
39 3 89
39 4 59
39 5 69
39 6 70
39 7 92
39 8 76
39 9 9
39 10 79
39 11 96
39 12 63
39 13 9
39 14 47
39 15 52
39 16 93
39 17 9
39 18 13
39 19 50
39 20 1
39 21 44
39 22 24
39 23 61
39 24 19
39 25 55
39 26 27
39 27 68
39 28 17
39 29 44
39 30 22
39 31 86
39 32 69
39 33 44
39 34 87
39 35 31
39 36 65
39 37 78
39 38 80
40 1 29
40 2 75
40 3 76
40 4 59
40 5 95
40 6 68
40 7 99
40 8 66
40 9 45
40 10 46
40 11 55
40 12 88
40 13 35
40 14 73
40 15 46
40 16 37
40 17 99
40 18 59
40 19 60
40 20 69
40 21 2
40 22 87
40 23 38
40 24 63
40 25 64
40 26 26
40 27 30
40 28 23
40 29 71
40 30 36
40 31 26
40 32 25
40 33 43
40 34 29
40 35 5
40 36 84
40 37 34
40 38 72
40 39 54
41 1 46
41 2 86
41 3 61
41 4 92
41 5 83
41 6 68
41 7 18
41 8 57
41 9 40
41 10 16
41 11 98
41 12 42
41 13 68
41 14 97
41 15 76
41 16 32
41 17 72
41 18 86
41 19 53
41 20 27
41 21 42
41 22 1
41 23 13
41 24 68
41 25 88
41 26 84
41 27 60
41 28 58
41 29 55
41 30 90
41 31 16
41 32 66
41 33 19
41 34 90
41 35 94
41 36 3
41 37 41
41 38 47
41 39 80
41 40 15
42 1 13
42 2 38
42 3 37
42 4 81
42 5 24
42 6 53
42 7 75
42 8 46
42 9 58
42 10 67
42 11 70
42 12 24
42 13 73
42 14 99
42 15 46
42 16 52
42 17 10
42 18 58
42 19 14
42 20 37
42 21 3
42 22 87
42 23 78
42 24 17
42 25 28
42 26 6
42 27 65
42 28 78
42 29 74
42 30 89
42 31 46
42 32 75
42 33 21
42 34 90
42 35 41
42 36 98
42 37 38
42 38 81
42 39 22
42 40 57
42 41 40
43 1 84
43 2 93
43 3 75
43 4 11
43 5 15
43 6 60
43 7 14
43 8 46
43 9 73
43 10 68
43 11 46
43 12 97
43 13 61
43 14 51
43 15 8
43 16 41
43 17 42
43 18 14
43 19 81
43 20 31
43 21 53
43 22 82
43 23 18
43 24 43
43 25 59
43 26 92
43 27 84
43 28 78
43 29 10
43 30 28
43 31 27
43 32 26
43 33 13
43 34 94
43 35 82
43 36 89
43 37 18
43 38 59
43 39 78
43 40 36
43 41 67
43 42 86
44 1 63
44 2 72
44 3 95
44 4 3
44 5 68
44 6 39
44 7 6
44 8 13
44 9 6
44 10 59
44 11 80
44 12 95
44 13 78
44 14 80
44 15 66
44 16 39
44 17 35
44 18 79
44 19 79
44 20 16
44 21 10
44 22 41
44 23 93
44 24 37
44 25 44
44 26 70
44 27 55
44 28 19
44 29 89
44 30 5
44 31 6
44 32 96
44 33 38
44 34 33
44 35 18
44 36 74
44 37 8
44 38 89
44 39 1
44 40 54
44 41 63
44 42 75
44 43 26
45 1 32
45 2 13
45 3 83
45 4 27
45 5 22
45 6 19
45 7 45
45 8 42
45 9 16
45 10 81
45 11 29
45 12 93
45 13 14
45 14 37
45 15 22
45 16 23
45 17 96
45 18 14
45 19 96
45 20 54
45 21 83
45 22 57
45 23 47
45 24 10
45 25 52
45 26 64
45 27 7
45 28 28
45 29 29
45 30 26
45 31 94
45 32 23
45 33 87
45 34 66
45 35 84
45 36 86
45 37 73
45 38 12
45 39 49
45 40 33
45 41 2
45 42 68
45 43 12
45 44 45
46 1 77
46 2 6
46 3 78
46 4 94
46 5 86
46 6 77
46 7 70
46 8 73
46 9 25
46 10 82
46 11 54
46 12 26
46 13 65
46 14 60
46 15 67
46 16 18
46 17 13
46 18 45
46 19 69
46 20 54
46 21 62
46 22 5
46 23 72
46 24 18
46 25 48
46 26 59
46 27 94
46 28 32
46 29 92
46 30 91
46 31 5
46 32 44
46 33 1
46 34 69
46 35 73
46 36 24
46 37 97
46 38 54
46 39 38
46 40 53
46 41 26
46 42 44
46 43 95
46 44 39
46 45 17
47 1 77
47 2 82
47 3 65
47 4 52
47 5 8
47 6 51
47 7 48
47 8 66
47 9 86
47 10 83
47 11 32
47 12 31
47 13 10
47 14 21
47 15 1
47 16 8
47 17 23
47 18 70
47 19 19
47 20 92
47 21 84
47 22 12
47 23 48
47 24 41
47 25 13
47 26 61
47 27 83
47 28 84
47 29 16
47 30 9
47 31 96
47 32 56
47 33 13
47 34 62
47 35 95
47 36 41
47 37 37
47 38 60
47 39 12
47 40 56
47 41 85
47 42 35
47 43 96
47 44 34
47 45 91
47 46 73
48 1 14
48 2 55
48 3 27
48 4 51
48 5 90
48 6 77
48 7 10
48 8 30
48 9 15
48 10 14
48 11 11
48 12 86
48 13 78
48 14 90
48 15 68
48 16 5
48 17 67
48 18 38
48 19 94
48 20 58
48 21 28
48 22 7
48 23 33
48 24 53
48 25 3
48 26 58
48 27 71
48 28 39
48 29 9
48 30 93
48 31 93
48 32 22
48 33 91
48 34 10
48 35 51
48 36 12
48 37 12
48 38 11
48 39 83
48 40 32
48 41 21
48 42 79
48 43 54
48 44 45
48 45 23
48 46 56
48 47 18
49 1 58
49 2 26
49 3 94
49 4 95
49 5 79
49 6 50
49 7 36
49 8 33
49 9 81
49 10 57
49 11 13
49 12 63
49 13 80
49 14 36
49 15 67
49 16 84
49 17 13
49 18 70
49 19 27
49 20 71
49 21 38
49 22 3
49 23 76
49 24 7
49 25 25
49 26 41
49 27 50
49 28 44
49 29 19
49 30 62
49 31 94
49 32 85
49 33 81
49 34 34
49 35 34
49 36 20
49 37 49
49 38 43
49 39 70
49 40 8
49 41 37
49 42 22
49 43 69
49 44 37
49 45 69
49 46 5
49 47 82
49 48 5
50 1 57
50 2 97
50 3 35
50 4 11
50 5 93
50 6 72
50 7 78
50 8 95
50 9 81
50 10 64
50 11 46
50 12 100
50 13 75
50 14 38
50 15 35
50 16 25
50 17 81
50 18 94
50 19 76
50 20 22
50 21 42
50 22 83
50 23 14
50 24 74
50 25 12
50 26 61
50 27 18
50 28 93
50 29 95
50 30 3
50 31 48
50 32 63
50 33 67
50 34 68
50 35 42
50 36 24
50 37 28
50 38 2
50 39 18
50 40 93
50 41 77
50 42 62
50 43 62
50 44 98
50 45 98
50 46 89
50 47 77
50 48 2
50 49 75
51 1 27
51 2 82
51 3 43
51 4 84
51 5 84
51 6 97
51 7 83
51 8 95
51 9 51
51 10 60
51 11 15
51 12 4
51 13 55
51 14 75
51 15 73
51 16 54
51 17 93
51 18 28
51 19 12
51 20 11
51 21 31
51 22 89
51 23 23
51 24 21
51 25 14
51 26 71
51 27 71
51 28 56
51 29 85
51 30 70
51 31 84
51 32 74
51 33 97
51 34 86
51 35 53
51 36 19
51 37 16
51 38 73
51 39 24
51 40 49
51 41 48
51 42 71
51 43 16
51 44 56
51 45 9
51 46 61
51 47 93
51 48 99
51 49 26
51 50 85
52 1 37
52 2 63
52 3 64
52 4 41
52 5 12
52 6 56
52 7 21
52 8 54
52 9 38
52 10 35
52 11 90
52 12 96
52 13 12
52 14 26
52 15 83
52 16 70
52 17 71
52 18 10
52 19 47
52 20 27
52 21 60
52 22 99
52 23 56
52 24 3
52 25 23
52 26 93
52 27 12
52 28 100
52 29 47
52 30 85
52 31 72
52 32 80
52 33 14
52 34 51
52 35 1
52 36 87
52 37 93
52 38 26
52 39 91
52 40 33
52 41 38
52 42 5
52 43 69
52 44 57
52 45 97
52 46 80
52 47 47
52 48 20
52 49 5
52 50 33
52 51 79
53 1 31
53 2 90
53 3 8
53 4 58
53 5 20
53 6 56
53 7 50
53 8 45
53 9 74
53 10 33
53 11 93
53 12 10
53 13 59
53 14 79
53 15 100
53 16 41
53 17 63
53 18 32
53 19 43
53 20 47
53 21 77
53 22 69
53 23 22
53 24 14
53 25 54
53 26 23
53 27 19
53 28 26
53 29 37
53 30 55
53 31 89
53 32 74
53 33 53
53 34 56
53 35 36
53 36 18
53 37 25
53 38 23
53 39 68
53 40 16
53 41 96
53 42 53
53 43 42
53 44 74
53 45 5
53 46 93
53 47 13
53 48 45
53 49 1
53 50 75
53 51 57
53 52 94
54 1 63
54 2 19
54 3 25
54 4 17
54 5 76
54 6 46
54 7 96
54 8 7
54 9 93
54 10 74
54 11 58
54 12 93
54 13 85
54 14 34
54 15 84
54 16 46
54 17 100
54 18 52
54 19 18
54 20 28
54 21 71
54 22 49
54 23 48
54 24 37
54 25 49
54 26 66
54 27 83
54 28 41
54 29 89
54 30 32
54 31 45
54 32 16
54 33 73
54 34 58
54 35 38
54 36 29
54 37 41
54 38 26
54 39 94
54 40 24
54 41 40
54 42 37
54 43 2
54 44 91
54 45 47
54 46 74
54 47 15
54 48 68
54 49 36
54 50 32
54 51 45
54 52 51
54 53 61
55 1 3
55 2 32
55 3 26
55 4 29
55 5 72
55 6 49
55 7 80
55 8 11
55 9 25
55 10 57
55 11 45
55 12 4
55 13 84
55 14 70
55 15 35
55 16 58
55 17 64
55 18 34
55 19 58
55 20 38
55 21 40
55 22 44
55 23 57
55 24 51
55 25 66
55 26 94
55 27 21
55 28 28
55 29 65
55 30 51
55 31 51
55 32 87
55 33 66
55 34 13
55 35 75
55 36 92
55 37 66
55 38 3
55 39 83
55 40 39
55 41 78
55 42 76
55 43 24
55 44 60
55 45 79
55 46 44
55 47 15
55 48 63
55 49 30
55 50 3
55 51 1
55 52 87
55 53 35
55 54 45
56 1 75
56 2 69
56 3 100
56 4 88
56 5 56
56 6 90
56 7 81
56 8 88
56 9 88
56 10 33
56 11 95
56 12 80
56 13 69
56 14 29
56 15 96
56 16 90
56 17 66
56 18 8
56 19 85
56 20 19
56 21 46
56 22 21
56 23 85
56 24 41
56 25 48
56 26 16
56 27 34
56 28 21
56 29 60
56 30 67
56 31 98
56 32 63
56 33 25
56 34 96
56 35 78
56 36 34
56 37 71
56 38 4
56 39 31
56 40 91
56 41 23
56 42 39
56 43 52
56 44 56
56 45 40
56 46 5
56 47 31
56 48 37
56 49 76
56 50 80
56 51 16
56 52 6
56 53 14
56 54 11
56 55 29
57 1 52
57 2 8
57 3 73
57 4 59
57 5 81
57 6 92
57 7 98
57 8 89
57 9 66
57 10 18
57 11 90
57 12 36
57 13 31
57 14 12
57 15 99
57 16 87
57 17 12
57 18 80
57 19 73
57 20 39
57 21 62
57 22 31
57 23 97
57 24 25
57 25 89
57 26 86
57 27 74
57 28 9
57 29 55
57 30 81
57 31 25
57 32 28
57 33 58
57 34 64
57 35 14
57 36 58
57 37 38
57 38 29
57 39 80
57 40 29
57 41 73
57 42 63
57 43 2
57 44 16
57 45 51
57 46 3
57 47 44
57 48 10
57 49 24
57 50 11
57 51 95
57 52 95
57 53 25
57 54 99
57 55 91
57 56 60
58 1 77
58 2 40
58 3 1
58 4 10
58 5 53
58 6 79
58 7 77
58 8 52
58 9 22
58 10 87
58 11 78
58 12 89
58 13 85
58 14 86
58 15 49
58 16 89
58 17 24
58 18 32
58 19 3
58 20 99
58 21 31
58 22 85
58 23 53
58 24 82
58 25 82
58 26 31
58 27 24
58 28 32
58 29 2
58 30 84
58 31 80
58 32 67
58 33 14
58 34 37
58 35 35
58 36 2
58 37 89
58 38 88
58 39 14
58 40 63
58 41 24
58 42 7
58 43 31
58 44 50
58 45 13
58 46 92
58 47 56
58 48 65
58 49 44
58 50 24
58 51 99
58 52 38
58 53 42
58 54 74
58 55 15
58 56 9
58 57 27
59 1 89
59 2 6
59 3 98
59 4 20
59 5 69
59 6 68
59 7 70
59 8 31
59 9 15
59 10 6
59 11 10
59 12 85
59 13 99
59 14 31
59 15 76
59 16 97
59 17 53
59 18 100
59 19 44
59 20 51
59 21 55
59 22 27
59 23 5
59 24 36
59 25 40
59 26 48
59 27 92
59 28 61
59 29 6
59 30 62
59 31 14
59 32 14
59 33 61
59 34 80
59 35 18
59 36 39
59 37 87
59 38 3
59 39 13
59 40 12
59 41 99
59 42 3
59 43 24
59 44 33
59 45 85
59 46 98
59 47 27
59 48 25
59 49 84
59 50 100
59 51 11
59 52 58
59 53 62
59 54 29
59 55 49
59 56 29
59 57 76
59 58 71
60 1 57
60 2 91
60 3 24
60 4 34
60 5 49
60 6 88
60 7 54
60 8 41
60 9 50
60 10 56
60 11 50
60 12 73
60 13 97
60 14 58
60 15 88
60 16 79
60 17 78
60 18 88
60 19 66
60 20 61
60 21 44
60 22 74
60 23 21
60 24 77
60 25 31
60 26 99
60 27 18
60 28 73
60 29 26
60 30 98
60 31 55
60 32 49
60 33 33
60 34 77
60 35 57
60 36 15
60 37 83
60 38 40
60 39 73
60 40 15
60 41 28
60 42 66
60 43 18
60 44 10
60 45 8
60 46 21
60 47 4
60 48 8
60 49 11
60 50 78
60 51 41
60 52 42
60 53 40
60 54 63
60 55 20
60 56 65
60 57 56
60 58 1
60 59 71
61 1 12
61 2 15
61 3 36
61 4 34
61 5 52
61 6 97
61 7 26
61 8 77
61 9 33
61 10 74
61 11 14
61 12 18
61 13 16
61 14 55
61 15 2
61 16 94
61 17 90
61 18 92
61 19 67
61 20 68
61 21 91
61 22 31
61 23 96
61 24 91
61 25 71
61 26 85
61 27 29
61 28 93
61 29 30
61 30 43
61 31 32
61 32 49
61 33 43
61 34 56
61 35 54
61 36 1
61 37 13
61 38 91
61 39 50
61 40 3
61 41 24
61 42 36
61 43 7
61 44 88
61 45 22
61 46 39
61 47 59
61 48 99
61 49 29
61 50 44
61 51 55
61 52 64
61 53 24
61 54 86
61 55 37
61 56 76
61 57 90
61 58 5
61 59 58
61 60 55
62 1 26
62 2 87
62 3 89
62 4 95
62 5 4
62 6 73
62 7 16
62 8 3
62 9 56
62 10 69
62 11 94
62 12 5
62 13 32
62 14 72
62 15 30
62 16 76
62 17 67
62 18 65
62 19 37
62 20 32
62 21 55
62 22 20
62 23 18
62 24 7
62 25 95
62 26 64
62 27 62
62 28 36
62 29 81
62 30 11
62 31 90
62 32 83
62 33 67
62 34 88
62 35 71
62 36 34
62 37 76
62 38 50
62 39 35
62 40 21
62 41 97
62 42 18
62 43 38
62 44 92
62 45 44
62 46 6
62 47 16
62 48 42
62 49 12
62 50 83
62 51 5
62 52 74
62 53 4
62 54 29
62 55 82
62 56 10
62 57 84
62 58 90
62 59 34
62 60 58
62 61 5
63 1 7
63 2 80
63 3 49
63 4 27
63 5 18
63 6 15
63 7 33
63 8 51
63 9 88
63 10 11
63 11 99
63 12 48
63 13 35
63 14 29
63 15 63
63 16 94
63 17 18
63 18 76
63 19 74
63 20 77
63 21 19
63 22 31
63 23 17
63 24 87
63 25 1
63 26 19
63 27 13
63 28 95
63 29 27
63 30 17
63 31 11
63 32 62
63 33 50
63 34 100
63 35 56
63 36 7
63 37 89
63 38 88
63 39 77
63 40 30
63 41 13
63 42 22
63 43 45
63 44 77
63 45 82
63 46 47
63 47 24
63 48 53
63 49 9
63 50 79
63 51 55
63 52 43
63 53 36
63 54 50
63 55 1
63 56 94
63 57 90
63 58 88
63 59 55
63 60 96
63 61 11
63 62 80
64 1 6
64 2 100
64 3 50
64 4 79
64 5 73
64 6 99
64 7 18
64 8 59
64 9 30
64 10 55
64 11 7
64 12 39
64 13 26
64 14 12
64 15 69
64 16 9
64 17 28
64 18 4
64 19 2
64 20 8
64 21 38
64 22 16
64 23 70
64 24 66
64 25 81
64 26 55
64 27 3
64 28 29
64 29 73
64 30 11
64 31 82
64 32 19
64 33 8
64 34 3
64 35 45
64 36 56
64 37 96
64 38 23
64 39 24
64 40 67
64 41 68
64 42 11
64 43 69
64 44 43
64 45 11
64 46 9
64 47 2
64 48 30
64 49 10
64 50 40
64 51 8
64 52 32
64 53 98
64 54 93
64 55 61
64 56 16
64 57 22
64 58 44
64 59 36
64 60 71
64 61 99
64 62 24
64 63 88
65 1 69
65 2 57
65 3 3
65 4 22
65 5 60
65 6 20
65 7 91
65 8 35
65 9 84
65 10 82
65 11 26
65 12 91
65 13 40
65 14 31
65 15 79
65 16 99
65 17 30
65 18 20
65 19 30
65 20 97
65 21 33
65 22 81
65 23 66
65 24 90
65 25 39
65 26 8
65 27 43
65 28 74
65 29 58
65 30 60
65 31 11
65 32 46
65 33 30
65 34 41
65 35 40
65 36 25
65 37 34
65 38 2
65 39 39
65 40 83
65 41 15
65 42 9
65 43 39
65 44 54
65 45 46
65 46 48
65 47 32
65 48 79
65 49 62
65 50 51
65 51 16
65 52 89
65 53 18
65 54 25
65 55 19
65 56 72
65 57 44
65 58 30
65 59 13
65 60 91
65 61 16
65 62 53
65 63 43
65 64 79
66 1 75
66 2 95
66 3 62
66 4 23
66 5 43
66 6 30
66 7 31
66 8 36
66 9 67
66 10 69
66 11 64
66 12 57
66 13 68
66 14 20
66 15 67
66 16 3
66 17 78
66 18 14
66 19 20
66 20 62
66 21 41
66 22 98
66 23 27
66 24 31
66 25 70
66 26 65
66 27 23
66 28 17
66 29 95
66 30 98
66 31 50
66 32 15
66 33 39
66 34 36
66 35 29
66 36 34
66 37 30
66 38 56
66 39 91
66 40 6
66 41 49
66 42 57
66 43 24
66 44 23
66 45 26
66 46 99
66 47 39
66 48 33
66 49 65
66 50 95
66 51 4
66 52 14
66 53 74
66 54 69
66 55 64
66 56 63
66 57 25
66 58 33
66 59 15
66 60 35
66 61 91
66 62 82
66 63 18
66 64 22
66 65 94
67 1 23
67 2 72
67 3 40
67 4 27
67 5 95
67 6 66
67 7 38
67 8 4
67 9 86
67 10 51
67 11 66
67 12 61
67 13 7
67 14 38
67 15 7
67 16 79
67 17 99
67 18 41
67 19 36
67 20 6
67 21 34
67 22 89
67 23 32
67 24 22
67 25 69
67 26 10
67 27 49
67 28 19
67 29 23
67 30 97
67 31 4
67 32 13
67 33 70
67 34 5
67 35 68
67 36 19
67 37 92
67 38 34
67 39 19
67 40 9
67 41 48
67 42 20
67 43 50
67 44 64
67 45 90
67 46 38
67 47 32
67 48 77
67 49 74
67 50 47
67 51 68
67 52 12
67 53 21
67 54 89
67 55 78
67 56 68
67 57 22
67 58 72
67 59 55
67 60 80
67 61 66
67 62 25
67 63 74
67 64 36
67 65 63
67 66 78
68 1 42
68 2 70
68 3 22
68 4 94
68 5 73
68 6 75
68 7 14
68 8 85
68 9 65
68 10 8
68 11 28
68 12 76
68 13 56
68 14 82
68 15 83
68 16 78
68 17 42
68 18 84
68 19 53
68 20 14
68 21 46
68 22 12
68 23 88
68 24 9
68 25 38
68 26 89
68 27 58
68 28 71
68 29 78
68 30 70
68 31 70
68 32 57
68 33 70
68 34 31
68 35 58
68 36 41
68 37 64
68 38 15
68 39 69
68 40 36
68 41 20
68 42 88
68 43 31
68 44 85
68 45 27
68 46 55
68 47 35
68 48 2
68 49 46
68 50 31
68 51 83
68 52 3
68 53 83
68 54 65
68 55 6
68 56 33
68 57 32
68 58 14
68 59 37
68 60 60
68 61 38
68 62 59
68 63 13
68 64 44
68 65 85
68 66 70
68 67 68
69 1 29
69 2 93
69 3 40
69 4 81
69 5 79
69 6 16
69 7 81
69 8 37
69 9 15
69 10 74
69 11 19
69 12 54
69 13 63
69 14 89
69 15 49
69 16 31
69 17 23
69 18 77
69 19 8
69 20 69
69 21 4
69 22 99
69 23 44
69 24 76
69 25 78
69 26 49
69 27 80
69 28 50
69 29 89
69 30 69
69 31 7
69 32 20
69 33 68
69 34 98
69 35 34
69 36 62
69 37 92
69 38 40
69 39 46
69 40 14
69 41 19
69 42 55
69 43 70
69 44 43
69 45 13
69 46 33
69 47 49
69 48 9
69 49 31
69 50 88
69 51 88
69 52 45
69 53 22
69 54 22
69 55 14
69 56 75
69 57 34
69 58 75
69 59 8
69 60 94
69 61 82
69 62 68
69 63 48
69 64 9
69 65 100
69 66 61
69 67 46
69 68 35
70 1 32
70 2 68
70 3 31
70 4 32
70 5 69
70 6 40
70 7 69
70 8 19
70 9 79
70 10 32
70 11 59
70 12 96
70 13 16
70 14 80
70 15 58
70 16 18
70 17 31
70 18 69
70 19 13
70 20 65
70 21 68
70 22 85
70 23 92
70 24 100
70 25 56
70 26 9
70 27 46
70 28 28
70 29 87
70 30 65
70 31 91
70 32 77
70 33 95
70 34 33
70 35 1
70 36 17
70 37 33
70 38 100
70 39 80
70 40 14
70 41 35
70 42 61
70 43 60
70 44 1
70 45 52
70 46 22
70 47 65
70 48 47
70 49 82
70 50 69
70 51 12
70 52 43
70 53 8
70 54 54
70 55 43
70 56 73
70 57 87
70 58 80
70 59 7
70 60 69
70 61 54
70 62 30
70 63 54
70 64 71
70 65 26
70 66 85
70 67 67
70 68 98
70 69 71
71 1 80
71 2 97
71 3 4
71 4 28
71 5 81
71 6 19
71 7 95
71 8 44
71 9 25
71 10 61
71 11 13
71 12 41
71 13 32
71 14 35
71 15 65
71 16 46
71 17 97
71 18 42
71 19 33
71 20 28
71 21 86
71 22 22
71 23 15
71 24 17
71 25 53
71 26 86
71 27 86
71 28 71
71 29 34
71 30 98
71 31 98
71 32 35
71 33 30
71 34 23
71 35 12
71 36 13
71 37 10
71 38 49
71 39 47
71 40 88
71 41 33
71 42 99
71 43 71
71 44 10
71 45 64
71 46 91
71 47 54
71 48 62
71 49 32
71 50 72
71 51 7
71 52 73
71 53 89
71 54 100
71 55 19
71 56 88
71 57 32
71 58 76
71 59 2
71 60 91
71 61 11
71 62 9
71 63 39
71 64 37
71 65 72
71 66 51
71 67 79
71 68 92
71 69 58
71 70 53
72 1 89
72 2 8
72 3 98
72 4 34
72 5 91
72 6 39
72 7 88
72 8 72
72 9 63
72 10 32
72 11 19
72 12 49
72 13 9
72 14 59
72 15 75
72 16 65
72 17 29
72 18 67
72 19 5
72 20 43
72 21 79
72 22 22
72 23 100
72 24 1
72 25 2
72 26 81
72 27 64
72 28 19
72 29 52
72 30 71
72 31 16
72 32 47
72 33 17
72 34 84
72 35 12
72 36 19
72 37 91
72 38 14
72 39 52
72 40 21
72 41 8
72 42 55
72 43 16
72 44 90
72 45 28
72 46 2
72 47 83
72 48 95
72 49 88
72 50 50
72 51 83
72 52 7
72 53 24
72 54 8
72 55 77
72 56 61
72 57 70
72 58 31
72 59 8
72 60 95
72 61 100
72 62 4
72 63 36
72 64 68
72 65 90
72 66 60
72 67 72
72 68 77
72 69 67
72 70 41
72 71 89
73 1 98
73 2 100
73 3 61
73 4 28
73 5 14
73 6 71
73 7 21
73 8 73
73 9 84
73 10 37
73 11 57
73 12 14
73 13 29
73 14 58
73 15 73
73 16 2
73 17 58
73 18 21
73 19 78
73 20 71
73 21 78
73 22 67
73 23 17
73 24 90
73 25 35
73 26 97
73 27 100
73 28 76
73 29 65
73 30 33
73 31 90
73 32 89
73 33 84
73 34 84
73 35 1
73 36 28
73 37 74
73 38 56
73 39 18
73 40 29
73 41 80
73 42 80
73 43 36
73 44 50
73 45 28
73 46 17
73 47 44
73 48 96
73 49 79
73 50 28
73 51 4
73 52 66
73 53 8
73 54 77
73 55 15
73 56 6
73 57 21
73 58 25
73 59 100
73 60 66
73 61 6
73 62 11
73 63 82
73 64 34
73 65 6
73 66 64
73 67 54
73 68 59
73 69 89
73 70 16
73 71 68
73 72 24
74 1 42
74 2 20
74 3 59
74 4 52
74 5 65
74 6 80
74 7 63
74 8 30
74 9 96
74 10 31
74 11 83
74 12 71
74 13 54
74 14 69
74 15 11
74 16 33
74 17 14
74 18 24
74 19 12
74 20 85
74 21 61
74 22 5
74 23 14
74 24 87
74 25 80
74 26 11
74 27 26
74 28 73
74 29 16
74 30 95
74 31 87
74 32 17
74 33 55
74 34 54
74 35 94
74 36 82
74 37 99
74 38 76
74 39 45
74 40 100
74 41 66
74 42 29
74 43 53
74 44 72
74 45 56
74 46 64
74 47 59
74 48 10
74 49 52
74 50 8
74 51 48
74 52 18
74 53 21
74 54 37
74 55 52
74 56 40
74 57 71
74 58 27
74 59 47
74 60 59
74 61 42
74 62 52
74 63 70
74 64 56
74 65 49
74 66 46
74 67 96
74 68 78
74 69 23
74 70 81
74 71 49
74 72 54
74 73 96
75 1 91
75 2 72
75 3 96
75 4 52
75 5 26
75 6 24
75 7 61
75 8 61
75 9 85
75 10 11
75 11 19
75 12 14
75 13 69
75 14 45
75 15 37
75 16 95
75 17 73
75 18 43
75 19 43
75 20 59
75 21 28
75 22 19
75 23 13
75 24 75
75 25 52
75 26 19
75 27 47
75 28 32
75 29 14
75 30 9
75 31 33
75 32 79
75 33 77
75 34 30
75 35 71
75 36 53
75 37 34
75 38 50
75 39 2
75 40 85
75 41 33
75 42 35
75 43 82
75 44 69
75 45 45
75 46 49
75 47 11
75 48 19
75 49 44
75 50 28
75 51 91
75 52 24
75 53 75
75 54 48
75 55 80
75 56 67
75 57 63
75 58 6
75 59 1
75 60 23
75 61 49
75 62 3
75 63 63
75 64 22
75 65 46
75 66 69
75 67 33
75 68 96
75 69 17
75 70 53
75 71 37
75 72 47
75 73 86
75 74 74
76 1 6
76 2 49
76 3 95
76 4 28
76 5 16
76 6 95
76 7 98
76 8 79
76 9 42
76 10 64
76 11 92
76 12 79
76 13 37
76 14 9
76 15 64
76 16 92
76 17 61
76 18 91
76 19 63
76 20 53
76 21 26
76 22 54
76 23 87
76 24 30
76 25 23
76 26 95
76 27 47
76 28 25
76 29 59
76 30 59
76 31 44
76 32 14
76 33 95
76 34 19
76 35 89
76 36 26
76 37 62
76 38 92
76 39 88
76 40 32
76 41 4
76 42 72
76 43 60
76 44 74
76 45 57
76 46 38
76 47 70
76 48 43
76 49 14
76 50 68
76 51 55
76 52 17
76 53 61
76 54 86
76 55 88
76 56 45
76 57 51
76 58 58
76 59 75
76 60 2
76 61 47
76 62 50
76 63 9
76 64 29
76 65 25
76 66 42
76 67 80
76 68 90
76 69 48
76 70 97
76 71 34
76 72 47
76 73 25
76 74 7
76 75 7
77 1 42
77 2 95
77 3 41
77 4 31
77 5 45
77 6 55
77 7 19
77 8 67
77 9 4
77 10 60
77 11 46
77 12 96
77 13 38
77 14 3
77 15 32
77 16 38
77 17 31
77 18 37
77 19 32
77 20 39
77 21 21
77 22 76
77 23 86
77 24 99
77 25 18
77 26 95
77 27 15
77 28 15
77 29 13
77 30 61
77 31 2
77 32 4
77 33 68
77 34 99
77 35 90
77 36 53
77 37 79
77 38 54
77 39 11
77 40 88
77 41 63
77 42 71
77 43 83
77 44 93
77 45 93
77 46 34
77 47 93
77 48 48
77 49 98
77 50 53
77 51 35
77 52 27
77 53 16
77 54 5
77 55 16
77 56 96
77 57 77
77 58 77
77 59 69
77 60 44
77 61 8
77 62 1
77 63 16
77 64 41
77 65 10
77 66 69
77 67 42
77 68 76
77 69 89
77 70 82
77 71 13
77 72 21
77 73 48
77 74 31
77 75 28
77 76 20
78 1 54
78 2 72
78 3 58
78 4 1
78 5 70
78 6 75
78 7 78
78 8 60
78 9 3
78 10 66
78 11 36
78 12 60
78 13 79
78 14 60
78 15 32
78 16 97
78 17 73
78 18 44
78 19 50
78 20 83
78 21 1
78 22 66
78 23 37
78 24 6
78 25 40
78 26 16
78 27 24
78 28 52
78 29 28
78 30 30
78 31 62
78 32 88
78 33 21
78 34 18
78 35 74
78 36 68
78 37 50
78 38 4
78 39 54
78 40 59
78 41 62
78 42 25
78 43 81
78 44 2
78 45 79
78 46 62
78 47 27
78 48 77
78 49 39
78 50 58
78 51 67
78 52 13
78 53 57
78 54 32
78 55 65
78 56 9
78 57 90
78 58 6
78 59 17
78 60 75
78 61 79
78 62 18
78 63 20
78 64 63
78 65 58
78 66 42
78 67 90
78 68 74
78 69 24
78 70 98
78 71 17
78 72 4
78 73 65
78 74 50
78 75 87
78 76 40
78 77 43
79 1 25
79 2 66
79 3 21
79 4 100
79 5 51
79 6 67
79 7 25
79 8 62
79 9 37
79 10 37
79 11 81
79 12 60
79 13 74
79 14 27
79 15 34
79 16 21
79 17 94
79 18 19
79 19 82
79 20 85
79 21 54
79 22 57
79 23 50
79 24 82
79 25 67
79 26 3
79 27 43
79 28 44
79 29 15
79 30 59
79 31 75
79 32 9
79 33 44
79 34 74
79 35 29
79 36 71
79 37 35
79 38 19
79 39 92
79 40 80
79 41 36
79 42 46
79 43 52
79 44 26
79 45 79
79 46 94
79 47 86
79 48 82
79 49 19
79 50 94
79 51 8
79 52 18
79 53 5
79 54 92
79 55 45
79 56 62
79 57 46
79 58 27
79 59 83
79 60 23
79 61 65
79 62 36
79 63 87
79 64 62
79 65 8
79 66 94
79 67 28
79 68 96
79 69 95
79 70 90
79 71 5
79 72 19
79 73 41
79 74 3
79 75 12
79 76 96
79 77 53
79 78 23
80 1 71
80 2 98
80 3 3
80 4 34
80 5 3
80 6 60
80 7 79
80 8 14
80 9 23
80 10 70
80 11 23
80 12 29
80 13 65
80 14 86
80 15 53
80 16 59
80 17 39
80 18 27
80 19 19
80 20 91
80 21 79
80 22 78
80 23 22
80 24 49
80 25 66
80 26 27
80 27 16
80 28 69
80 29 82
80 30 30
80 31 32
80 32 21
80 33 73
80 34 85
80 35 80
80 36 6
80 37 57
80 38 13
80 39 37
80 40 43
80 41 92
80 42 31
80 43 11
80 44 30
80 45 25
80 46 45
80 47 66
80 48 35
80 49 36
80 50 6
80 51 75
80 52 76
80 53 6
80 54 15
80 55 76
80 56 35
80 57 21
80 58 95
80 59 54
80 60 94
80 61 45
80 62 19
80 63 93
80 64 33
80 65 55
80 66 98
80 67 9
80 68 34
80 69 58
80 70 35
80 71 77
80 72 100
80 73 39
80 74 6
80 75 72
80 76 33
80 77 62
80 78 68
80 79 68
81 1 72
81 2 70
81 3 76
81 4 59
81 5 14
81 6 60
81 7 25
81 8 25
81 9 85
81 10 66
81 11 25
81 12 94
81 13 74
81 14 86
81 15 45
81 16 83
81 17 30
81 18 62
81 19 71
81 20 66
81 21 91
81 22 60
81 23 12
81 24 1
81 25 8
81 26 1
81 27 33
81 28 64
81 29 31
81 30 41
81 31 82
81 32 23
81 33 15
81 34 72
81 35 93
81 36 11
81 37 20
81 38 27
81 39 26
81 40 73
81 41 38
81 42 47
81 43 28
81 44 3
81 45 56
81 46 49
81 47 19
81 48 53
81 49 93
81 50 86
81 51 11
81 52 51
81 53 68
81 54 77
81 55 86
81 56 16
81 57 56
81 58 62
81 59 29
81 60 62
81 61 63
81 62 54
81 63 45
81 64 72
81 65 39
81 66 59
81 67 85
81 68 59
81 69 26
81 70 52
81 71 56
81 72 33
81 73 34
81 74 50
81 75 87
81 76 4
81 77 76
81 78 42
81 79 72
81 80 97
82 1 65
82 2 67
82 3 37
82 4 20
82 5 6
82 6 53
82 7 95
82 8 38
82 9 35
82 10 81
82 11 18
82 12 98
82 13 90
82 14 60
82 15 36
82 16 57
82 17 25
82 18 59
82 19 92
82 20 52
82 21 17
82 22 14
82 23 16
82 24 51
82 25 50
82 26 11
82 27 36
82 28 70
82 29 83
82 30 72
82 31 34
82 32 43
82 33 59
82 34 88
82 35 11
82 36 18
82 37 32
82 38 66
82 39 69
82 40 83
82 41 70
82 42 71
82 43 100
82 44 25
82 45 51
82 46 12
82 47 62
82 48 28
82 49 52
82 50 16
82 51 62
82 52 61
82 53 61
82 54 19
82 55 99
82 56 85
82 57 26
82 58 16
82 59 77
82 60 66
82 61 12
82 62 40
82 63 23
82 64 93
82 65 54
82 66 50
82 67 67
82 68 43
82 69 22
82 70 54
82 71 29
82 72 76
82 73 88
82 74 20
82 75 19
82 76 85
82 77 10
82 78 94
82 79 57
82 80 72
82 81 1
83 1 17
83 2 55
83 3 45
83 4 44
83 5 72
83 6 23
83 7 58
83 8 40
83 9 59
83 10 60
83 11 13
83 12 52
83 13 45
83 14 53
83 15 53
83 16 98
83 17 64
83 18 18
83 19 49
83 20 5
83 21 53
83 22 91
83 23 11
83 24 82
83 25 99
83 26 27
83 27 76
83 28 12
83 29 21
83 30 79
83 31 49
83 32 19
83 33 98
83 34 3
83 35 22
83 36 37
83 37 41
83 38 65
83 39 38
83 40 3
83 41 52
83 42 7
83 43 18
83 44 70
83 45 53
83 46 94
83 47 2
83 48 8
83 49 23
83 50 89
83 51 11
83 52 61
83 53 97
83 54 63
83 55 58
83 56 47
83 57 25
83 58 19
83 59 17
83 60 84
83 61 70
83 62 13
83 63 56
83 64 23
83 65 45
83 66 18
83 67 28
83 68 93
83 69 57
83 70 97
83 71 26
83 72 92
83 73 17
83 74 19
83 75 77
83 76 90
83 77 53
83 78 79
83 79 55
83 80 67
83 81 35
83 82 42
84 1 98
84 2 85
84 3 48
84 4 45
84 5 20
84 6 47
84 7 62
84 8 1
84 9 48
84 10 43
84 11 85
84 12 72
84 13 95
84 14 96
84 15 16
84 16 52
84 17 21
84 18 86
84 19 49
84 20 83
84 21 64
84 22 89
84 23 60
84 24 72
84 25 10
84 26 85
84 27 72
84 28 1
84 29 7
84 30 92
84 31 52
84 32 18
84 33 24
84 34 25
84 35 35
84 36 29
84 37 77
84 38 11
84 39 21
84 40 20
84 41 65
84 42 52
84 43 70
84 44 90
84 45 44
84 46 58
84 47 92
84 48 32
84 49 83
84 50 40
84 51 41
84 52 11
84 53 34
84 54 42
84 55 30
84 56 50
84 57 57
84 58 11
84 59 28
84 60 6
84 61 79
84 62 34
84 63 73
84 64 69
84 65 3
84 66 50
84 67 77
84 68 3
84 69 46
84 70 70
84 71 92
84 72 31
84 73 89
84 74 28
84 75 92
84 76 64
84 77 14
84 78 26
84 79 61
84 80 100
84 81 48
84 82 62
84 83 56
85 1 97
85 2 87
85 3 66
85 4 58
85 5 17
85 6 47
85 7 43
85 8 6
85 9 71
85 10 41
85 11 82
85 12 47
85 13 55
85 14 62
85 15 39
85 16 100
85 17 43
85 18 45
85 19 25
85 20 12
85 21 36
85 22 91
85 23 70
85 24 52
85 25 86
85 26 25
85 27 55
85 28 94
85 29 34
85 30 78
85 31 76
85 32 79
85 33 17
85 34 47
85 35 41
85 36 57
85 37 9
85 38 31
85 39 73
85 40 54
85 41 100
85 42 63
85 43 55
85 44 65
85 45 76
85 46 53
85 47 97
85 48 17
85 49 89
85 50 72
85 51 75
85 52 68
85 53 41
85 54 98
85 55 30
85 56 77
85 57 36
85 58 34
85 59 34
85 60 8
85 61 60
85 62 49
85 63 95
85 64 26
85 65 3
85 66 11
85 67 88
85 68 83
85 69 74
85 70 49
85 71 46
85 72 80
85 73 53
85 74 55
85 75 41
85 76 5
85 77 12
85 78 52
85 79 7
85 80 79
85 81 5
85 82 22
85 83 89
85 84 90
86 1 68
86 2 96
86 3 45
86 4 96
86 5 54
86 6 3
86 7 82
86 8 66
86 9 8
86 10 31
86 11 79
86 12 76
86 13 50
86 14 13
86 15 59
86 16 76
86 17 100
86 18 61
86 19 89
86 20 27
86 21 86
86 22 100
86 23 65
86 24 17
86 25 83
86 26 20
86 27 5
86 28 60
86 29 78
86 30 67
86 31 34
86 32 23
86 33 75
86 34 57
86 35 67
86 36 29
86 37 44
86 38 34
86 39 60
86 40 14
86 41 91
86 42 45
86 43 38
86 44 6
86 45 12
86 46 27
86 47 36
86 48 55
86 49 87
86 50 83
86 51 46
86 52 99
86 53 11
86 54 83
86 55 82
86 56 37
86 57 21
86 58 75
86 59 48
86 60 5
86 61 94
86 62 84
86 63 82
86 64 27
86 65 67
86 66 75
86 67 35
86 68 64
86 69 30
86 70 66
86 71 55
86 72 10
86 73 58
86 74 8
86 75 71
86 76 56
86 77 31
86 78 64
86 79 77
86 80 49
86 81 11
86 82 24
86 83 50
86 84 98
86 85 68
87 1 30
87 2 85
87 3 15
87 4 97
87 5 59
87 6 40
87 7 18
87 8 27
87 9 19
87 10 2
87 11 73
87 12 57
87 13 32
87 14 69
87 15 16
87 16 32
87 17 43
87 18 28
87 19 91
87 20 71
87 21 83
87 22 91
87 23 62
87 24 17
87 25 8
87 26 70
87 27 74
87 28 19
87 29 38
87 30 49
87 31 22
87 32 24
87 33 39
87 34 65
87 35 77
87 36 29
87 37 63
87 38 4
87 39 98
87 40 79
87 41 58
87 42 69
87 43 46
87 44 99
87 45 67
87 46 77
87 47 34
87 48 61
87 49 49
87 50 6
87 51 8
87 52 35
87 53 94
87 54 64
87 55 91
87 56 32
87 57 47
87 58 34
87 59 53
87 60 77
87 61 79
87 62 6
87 63 100
87 64 69
87 65 13
87 66 19
87 67 31
87 68 8
87 69 7
87 70 12
87 71 46
87 72 76
87 73 60
87 74 20
87 75 14
87 76 94
87 77 72
87 78 85
87 79 26
87 80 91
87 81 73
87 82 81
87 83 62
87 84 94
87 85 53
87 86 6
88 1 72
88 2 66
88 3 42
88 4 30
88 5 27
88 6 84
88 7 50
88 8 37
88 9 23
88 10 90
88 11 92
88 12 38
88 13 35
88 14 1
88 15 96
88 16 25
88 17 58
88 18 8
88 19 21
88 20 30
88 21 88
88 22 14
88 23 95
88 24 98
88 25 67
88 26 52
88 27 41
88 28 50
88 29 29
88 30 40
88 31 25
88 32 16
88 33 68
88 34 37
88 35 60
88 36 81
88 37 48
88 38 87
88 39 76
88 40 79
88 41 49
88 42 94
88 43 88
88 44 87
88 45 87
88 46 22
88 47 20
88 48 86
88 49 25
88 50 85
88 51 9
88 52 8
88 53 29
88 54 79
88 55 40
88 56 78
88 57 62
88 58 34
88 59 19
88 60 8
88 61 36
88 62 37
88 63 65
88 64 46
88 65 68
88 66 18
88 67 69
88 68 79
88 69 83
88 70 76
88 71 71
88 72 15
88 73 27
88 74 55
88 75 89
88 76 61
88 77 40
88 78 21
88 79 33
88 80 19
88 81 36
88 82 12
88 83 33
88 84 97
88 85 9
88 86 13
88 87 68
89 1 37
89 2 11
89 3 51
89 4 46
89 5 88
89 6 88
89 7 93
89 8 16
89 9 1
89 10 60
89 11 81
89 12 49
89 13 17
89 14 45
89 15 13
89 16 5
89 17 50
89 18 44
89 19 99
89 20 16
89 21 92
89 22 53
89 23 96
89 24 38
89 25 5
89 26 79
89 27 57
89 28 3
89 29 73
89 30 83
89 31 19
89 32 21
89 33 33
89 34 77
89 35 17
89 36 62
89 37 85
89 38 5
89 39 60
89 40 44
89 41 100
89 42 64
89 43 55
89 44 12
89 45 58
89 46 94
89 47 39
89 48 37
89 49 3
89 50 42
89 51 16
89 52 32
89 53 13
89 54 71
89 55 17
89 56 59
89 57 8
89 58 1
89 59 76
89 60 37
89 61 17
89 62 16
89 63 11
89 64 73
89 65 17
89 66 26
89 67 30
89 68 84
89 69 35
89 70 87
89 71 98
89 72 69
89 73 48
89 74 91
89 75 22
89 76 46
89 77 63
89 78 37
89 79 7
89 80 79
89 81 46
89 82 66
89 83 88
89 84 37
89 85 23
89 86 50
89 87 1
89 88 12
90 1 71
90 2 52
90 3 53
90 4 26
90 5 73
90 6 56
90 7 76
90 8 79
90 9 15
90 10 43
90 11 51
90 12 62
90 13 3
90 14 45
90 15 74
90 16 33
90 17 32
90 18 22
90 19 67
90 20 76
90 21 95
90 22 63
90 23 7
90 24 35
90 25 68
90 26 24
90 27 20
90 28 3
90 29 91
90 30 94
90 31 72
90 32 2
90 33 94
90 34 5
90 35 64
90 36 62
90 37 88
90 38 98
90 39 10
90 40 88
90 41 11
90 42 55
90 43 69
90 44 58
90 45 93
90 46 8
90 47 70
90 48 2
90 49 28
90 50 65
90 51 26
90 52 1
90 53 18
90 54 4
90 55 76
90 56 93
90 57 77
90 58 51
90 59 16
90 60 42
90 61 16
90 62 50
90 63 62
90 64 52
90 65 26
90 66 3
90 67 45
90 68 46
90 69 10
90 70 16
90 71 20
90 72 98
90 73 37
90 74 12
90 75 30
90 76 67
90 77 4
90 78 15
90 79 72
90 80 59
90 81 61
90 82 91
90 83 34
90 84 53
90 85 33
90 86 76
90 87 90
90 88 34
90 89 32
91 1 80
91 2 32
91 3 3
91 4 71
91 5 19
91 6 83
91 7 41
91 8 66
91 9 48
91 10 92
91 11 16
91 12 56
91 13 95
91 14 92
91 15 67
91 16 10
91 17 63
91 18 71
91 19 25
91 20 76
91 21 20
91 22 46
91 23 47
91 24 71
91 25 69
91 26 81
91 27 8
91 28 4
91 29 38
91 30 5
91 31 57
91 32 5
91 33 79
91 34 88
91 35 73
91 36 59
91 37 40
91 38 19
91 39 76
91 40 35
91 41 9
91 42 25
91 43 50
91 44 41
91 45 74
91 46 48
91 47 74
91 48 66
91 49 87
91 50 60
91 51 4
91 52 78
91 53 89
91 54 66
91 55 97
91 56 53
91 57 67
91 58 18
91 59 78
91 60 66
91 61 35
91 62 17
91 63 54
91 64 61
91 65 71
91 66 64
91 67 47
91 68 84
91 69 75
91 70 98
91 71 42
91 72 64
91 73 82
91 74 60
91 75 95
91 76 85
91 77 99
91 78 58
91 79 19
91 80 88
91 81 94
91 82 21
91 83 53
91 84 17
91 85 38
91 86 14
91 87 58
91 88 51
91 89 12
91 90 57
92 1 84
92 2 87
92 3 18
92 4 66
92 5 1
92 6 75
92 7 49
92 8 96
92 9 56
92 10 87
92 11 26
92 12 60
92 13 88
92 14 9
92 15 62
92 16 100
92 17 71
92 18 73
92 19 31
92 20 64
92 21 90
92 22 48
92 23 22
92 24 38
92 25 87
92 26 34
92 27 92
92 28 48
92 29 72
92 30 26
92 31 65
92 32 97
92 33 45
92 34 36
92 35 24
92 36 67
92 37 30
92 38 43
92 39 1
92 40 80
92 41 69
92 42 7
92 43 77
92 44 17
92 45 83
92 46 7
92 47 74
92 48 47
92 49 7
92 50 25
92 51 14
92 52 23
92 53 99
92 54 35
92 55 75
92 56 19
92 57 29
92 58 68
92 59 63
92 60 5
92 61 33
92 62 25
92 63 82
92 64 72
92 65 93
92 66 84
92 67 69
92 68 46
92 69 34
92 70 46
92 71 79
92 72 8
92 73 63
92 74 21
92 75 94
92 76 93
92 77 14
92 78 14
92 79 73
92 80 59
92 81 29
92 82 28
92 83 35
92 84 95
92 85 79
92 86 52
92 87 87
92 88 35
92 89 10
92 90 95
92 91 35
93 1 30
93 2 59
93 3 81
93 4 83
93 5 100
93 6 24
93 7 3
93 8 49
93 9 38
93 10 51
93 11 48
93 12 30
93 13 28
93 14 19
93 15 4
93 16 55
93 17 19
93 18 61
93 19 68
93 20 77
93 21 90
93 22 11
93 23 70
93 24 31
93 25 89
93 26 17
93 27 56
93 28 87
93 29 84
93 30 27
93 31 92
93 32 80
93 33 9
93 34 57
93 35 5
93 36 83
93 37 31
93 38 14
93 39 98
93 40 71
93 41 19
93 42 83
93 43 64
93 44 67
93 45 47
93 46 88
93 47 33
93 48 17
93 49 5
93 50 56
93 51 28
93 52 68
93 53 46
93 54 60
93 55 44
93 56 49
93 57 51
93 58 89
93 59 90
93 60 2
93 61 17
93 62 53
93 63 2
93 64 9
93 65 39
93 66 88
93 67 33
93 68 99
93 69 71
93 70 71
93 71 45
93 72 92
93 73 40
93 74 85
93 75 94
93 76 65
93 77 3
93 78 62
93 79 19
93 80 19
93 81 69
93 82 23
93 83 35
93 84 58
93 85 1
93 86 88
93 87 37
93 88 23
93 89 6
93 90 27
93 91 11
93 92 91
94 1 81
94 2 65
94 3 6
94 4 86
94 5 92
94 6 66
94 7 14
94 8 38
94 9 22
94 10 80
94 11 83
94 12 16
94 13 35
94 14 29
94 15 23
94 16 29
94 17 87
94 18 5
94 19 75
94 20 14
94 21 5
94 22 71
94 23 16
94 24 57
94 25 49
94 26 47
94 27 78
94 28 91
94 29 54
94 30 51
94 31 62
94 32 5
94 33 54
94 34 78
94 35 15
94 36 21
94 37 84
94 38 97
94 39 51
94 40 77
94 41 6
94 42 28
94 43 88
94 44 26
94 45 38
94 46 84
94 47 18
94 48 63
94 49 54
94 50 50
94 51 80
94 52 34
94 53 83
94 54 99
94 55 12
94 56 35
94 57 47
94 58 62
94 59 90
94 60 14
94 61 39
94 62 38
94 63 71
94 64 96
94 65 98
94 66 80
94 67 78
94 68 68
94 69 7
94 70 8
94 71 29
94 72 20
94 73 44
94 74 7
94 75 37
94 76 83
94 77 98
94 78 1
94 79 100
94 80 99
94 81 81
94 82 71
94 83 50
94 84 90
94 85 49
94 86 95
94 87 21
94 88 65
94 89 43
94 90 27
94 91 1
94 92 91
94 93 80
95 1 51
95 2 83
95 3 82
95 4 75
95 5 63
95 6 42
95 7 32
95 8 60
95 9 15
95 10 19
95 11 67
95 12 80
95 13 81
95 14 41
95 15 67
95 16 76
95 17 19
95 18 72
95 19 32
95 20 9
95 21 14
95 22 34
95 23 11
95 24 57
95 25 35
95 26 87
95 27 10
95 28 45
95 29 76
95 30 8
95 31 75
95 32 39
95 33 74
95 34 93
95 35 69
95 36 35
95 37 59
95 38 56
95 39 92
95 40 21
95 41 86
95 42 10
95 43 49
95 44 86
95 45 23
95 46 13
95 47 66
95 48 34
95 49 4
95 50 23
95 51 91
95 52 68
95 53 30
95 54 15
95 55 1
95 56 8
95 57 83
95 58 9
95 59 35
95 60 85
95 61 84
95 62 70
95 63 30
95 64 55
95 65 83
95 66 18
95 67 2
95 68 23
95 69 73
95 70 39
95 71 81
95 72 45
95 73 49
95 74 5
95 75 63
95 76 58
95 77 71
95 78 32
95 79 51
95 80 49
95 81 76
95 82 91
95 83 64
95 84 83
95 85 39
95 86 10
95 87 48
95 88 74
95 89 27
95 90 99
95 91 100
95 92 91
95 93 59
95 94 88
96 1 31
96 2 8
96 3 74
96 4 85
96 5 84
96 6 75
96 7 76
96 8 39
96 9 75
96 10 24
96 11 17
96 12 97
96 13 1
96 14 52
96 15 43
96 16 47
96 17 75
96 18 9
96 19 73
96 20 3
96 21 38
96 22 71
96 23 37
96 24 38
96 25 51
96 26 39
96 27 76
96 28 58
96 29 28
96 30 83
96 31 54
96 32 26
96 33 39
96 34 21
96 35 32
96 36 15
96 37 52
96 38 56
96 39 84
96 40 13
96 41 30
96 42 97
96 43 93
96 44 25
96 45 82
96 46 16
96 47 54
96 48 37
96 49 65
96 50 6
96 51 25
96 52 65
96 53 30
96 54 74
96 55 25
96 56 52
96 57 23
96 58 32
96 59 25
96 60 1
96 61 9
96 62 5
96 63 87
96 64 14
96 65 90
96 66 60
96 67 95
96 68 71
96 69 38
96 70 88
96 71 81
96 72 12
96 73 17
96 74 14
96 75 1
96 76 49
96 77 27
96 78 94
96 79 32
96 80 54
96 81 70
96 82 12
96 83 14
96 84 1
96 85 56
96 86 61
96 87 70
96 88 39
96 89 60
96 90 51
96 91 94
96 92 65
96 93 88
96 94 61
96 95 88
97 1 54
97 2 68
97 3 67
97 4 29
97 5 74
97 6 38
97 7 52
97 8 59
97 9 25
97 10 53
97 11 29
97 12 21
97 13 46
97 14 52
97 15 18
97 16 38
97 17 83
97 18 78
97 19 7
97 20 50
97 21 92
97 22 59
97 23 60
97 24 20
97 25 55
97 26 1
97 27 76
97 28 23
97 29 1
97 30 84
97 31 15
97 32 88
97 33 14
97 34 40
97 35 96
97 36 13
97 37 23
97 38 43
97 39 56
97 40 47
97 41 39
97 42 2
97 43 43
97 44 89
97 45 43
97 46 36
97 47 15
97 48 38
97 49 39
97 50 29
97 51 15
97 52 93
97 53 29
97 54 12
97 55 59
97 56 19
97 57 89
97 58 67
97 59 97
97 60 9
97 61 77
97 62 39
97 63 58
97 64 23
97 65 97
97 66 15
97 67 5
97 68 55
97 69 74
97 70 10
97 71 68
97 72 11
97 73 47
97 74 75
97 75 33
97 76 62
97 77 53
97 78 88
97 79 39
97 80 74
97 81 79
97 82 42
97 83 100
97 84 57
97 85 93
97 86 55
97 87 5
97 88 23
97 89 32
97 90 26
97 91 9
97 92 34
97 93 50
97 94 30
97 95 40
97 96 70
98 1 3
98 2 20
98 3 99
98 4 84
98 5 64
98 6 26
98 7 15
98 8 93
98 9 72
98 10 29
98 11 49
98 12 82
98 13 71
98 14 16
98 15 69
98 16 25
98 17 54
98 18 14
98 19 38
98 20 83
98 21 47
98 22 87
98 23 72
98 24 25
98 25 9
98 26 25
98 27 52
98 28 8
98 29 24
98 30 93
98 31 68
98 32 43
98 33 41
98 34 61
98 35 58
98 36 46
98 37 16
98 38 41
98 39 15
98 40 36
98 41 39
98 42 4
98 43 20
98 44 55
98 45 46
98 46 88
98 47 76
98 48 39
98 49 53
98 50 92
98 51 12
98 52 64
98 53 71
98 54 10
98 55 91
98 56 87
98 57 79
98 58 61
98 59 41
98 60 90
98 61 21
98 62 63
98 63 9
98 64 28
98 65 47
98 66 56
98 67 71
98 68 47
98 69 3
98 70 1
98 71 83
98 72 24
98 73 74
98 74 51
98 75 50
98 76 32
98 77 9
98 78 71
98 79 25
98 80 40
98 81 31
98 82 2
98 83 52
98 84 15
98 85 66
98 86 49
98 87 54
98 88 79
98 89 35
98 90 74
98 91 70
98 92 64
98 93 84
98 94 73
98 95 60
98 96 84
98 97 27
99 1 37
99 2 68
99 3 14
99 4 48
99 5 82
99 6 86
99 7 46
99 8 40
99 9 67
99 10 51
99 11 62
99 12 8
99 13 98
99 14 73
99 15 89
99 16 80
99 17 82
99 18 25
99 19 40
99 20 79
99 21 99
99 22 80
99 23 76
99 24 40
99 25 87
99 26 74
99 27 71
99 28 70
99 29 19
99 30 42
99 31 39
99 32 24
99 33 18
99 34 26
99 35 27
99 36 95
99 37 94
99 38 26
99 39 29
99 40 31
99 41 32
99 42 47
99 43 39
99 44 80
99 45 92
99 46 70
99 47 17
99 48 57
99 49 84
99 50 10
99 51 99
99 52 79
99 53 46
99 54 79
99 55 58
99 56 55
99 57 33
99 58 60
99 59 33
99 60 21
99 61 92
99 62 97
99 63 29
99 64 43
99 65 93
99 66 61
99 67 59
99 68 69
99 69 39
99 70 58
99 71 36
99 72 43
99 73 5
99 74 70
99 75 57
99 76 9
99 77 14
99 78 25
99 79 27
99 80 21
99 81 46
99 82 64
99 83 73
99 84 85
99 85 11
99 86 53
99 87 42
99 88 79
99 89 32
99 90 86
99 91 4
99 92 33
99 93 49
99 94 66
99 95 95
99 96 98
99 97 98
99 98 65
100 1 32
100 2 14
100 3 18
100 4 97
100 5 41
100 6 41
100 7 92
100 8 28
100 9 55
100 10 30
100 11 16
100 12 75
100 13 66
100 14 65
100 15 10
100 16 52
100 17 64
100 18 34
100 19 78
100 20 100
100 21 18
100 22 72
100 23 75
100 24 10
100 25 19
100 26 49
100 27 42
100 28 49
100 29 15
100 30 97
100 31 91
100 32 9
100 33 28
100 34 93
100 35 30
100 36 20
100 37 20
100 38 88
100 39 10
100 40 37
100 41 33
100 42 31
100 43 18
100 44 78
100 45 79
100 46 52
100 47 37
100 48 80
100 49 98
100 50 77
100 51 90
100 52 6
100 53 16
100 54 71
100 55 76
100 56 9
100 57 38
100 58 34
100 59 54
100 60 3
100 61 7
100 62 19
100 63 70
100 64 39
100 65 50
100 66 50
100 67 68
100 68 96
100 69 19
100 70 52
100 71 62
100 72 93
100 73 11
100 74 48
100 75 67
100 76 91
100 77 87
100 78 43
100 79 2
100 80 97
100 81 54
100 82 55
100 83 92
100 84 56
100 85 35
100 86 7
100 87 20
100 88 27
100 89 10
100 90 30
100 91 99
100 92 42
100 93 94
100 94 8
100 95 16
100 96 74
100 97 22
100 98 86
100 99 92
0
