Teste 1
13 18
12 22
22 24
10 27
8 28
17 33
16 36
23 37
20 39
22 41
39 44
33 46
15 47
35 52
49 53
51 55
3 58
58 60
36 61
25 63
55 63
35 70
44 70
24 72
35 73
59 75
62 77
4 78
21 78
24 81
26 81
81 82
8 84
14 88
9 89
58 89
87 89
52 90
5 92
39 92
85 93
78 94
91 94
55 95
13 96
60 96
75 96
84 96
26 97
29 97
70 98
11 23
23 28
11 33
26 36
34 36
1 38
21 40
41 45
38 50
48 50
43 54
43 57
29 58
15 61
19 64
47 64
38 65
48 68
59 71
25 72
16 73
60 76
31 77
44 78
47 83
10 87
32 90
48 90
60 93
67 95
42 97
79 100
2 10
18 30
11 31
22 49
46 57
16 66
14 77
26 79
74 79
3 80
6 86
7 93
69 98
2 6
38 56
91 99


